# Created by Metasequoia

mtllib thejoker.mtl

v -42.245583 64.015289 0.000000
v -33.974426 38.484348 0.000000
v -26.335882 33.703121 0.000000
v -25.163589 28.846478 0.000000
v -27.508175 24.324772 0.000000
v -33.034702 25.832008 0.000000
v -38.728699 5.233133 0.000000
v -44.925110 0.000000 0.000000
v -38.561234 0.000000 0.000000
v -32.699760 0.000000 0.000000
v 0.000000 53.766098 0.000000
v -21.403881 52.405411 0.000000
v -19.938515 44.973907 0.000000
v -17.531126 41.938507 0.000000
v -14.077045 40.682480 0.000000
v -10.308959 43.717880 0.000000
v -10.308959 48.218651 0.000000
v -15.123736 53.033432 0.000000
v -8.529585 57.534195 0.000000
v 0.000000 58.999565 0.000000
v -6.188055 0.000000 0.000000
v 0.000000 5.331699 0.000000
v 0.000000 30.308348 0.000000
v 0.000000 0.000000 0.000000
v -42.245583 64.015289 0.500000
v -33.974426 38.484348 0.500000
v -26.335882 33.703121 0.500000
v -25.163589 28.846478 0.500000
v -27.508175 24.324772 0.500000
v -33.034702 25.832008 0.500000
v -38.728699 5.233133 0.500000
v -44.925110 0.000000 0.500000
v -38.561234 0.000000 0.500000
v -32.699760 0.000000 0.500000
v -33.336159 5.032177 0.500000
v -32.666275 14.577995 0.500000
v -24.962631 18.429821 0.500000
v -22.115631 23.286465 0.500000
v -21.445749 32.497345 0.500000
v -23.957808 39.196167 0.500000
v -17.928867 35.176872 0.500000
v -11.899929 36.014225 0.500000
v -6.373402 40.033520 0.500000
v -4.531225 42.713047 0.500000
v 0.000000 53.766098 0.500000
v -4.196284 50.919098 0.500000
v -21.403881 52.405411 0.500000
v -19.938515 44.973907 0.500000
v -17.531126 41.938507 0.500000
v -14.077045 40.682480 0.500000
v -10.308959 43.717880 0.500000
v -10.308959 48.218651 0.500000
v -15.123736 53.033432 0.500000
v -8.529585 57.534195 0.500000
v 0.000000 58.999565 0.500000
v -16.906164 13.181877 0.500000
v -16.403753 8.827645 0.500000
v -11.044699 7.655352 0.500000
v -7.360349 4.138472 0.500000
v -6.188055 0.000000 0.500000
v -6.397393 22.706760 0.500000
v -2.733977 20.927387 0.500000
v -5.664710 16.949963 0.500000
v -5.874048 11.297834 0.500000
v -3.466660 6.692397 0.500000
v 0.000000 5.331699 0.500000
v 0.000000 30.308348 0.500000
v 0.000000 0.000000 0.500000
v -33.336159 5.032177 0.000000
v -32.666275 14.577995 0.000000
v -24.962631 18.429821 0.000000
v -22.115631 23.286465 0.000000
v -21.445749 32.497345 0.000000
v -23.957808 39.196167 0.000000
v -17.928867 35.176872 0.000000
v -11.899929 36.014225 0.000000
v -6.373402 40.033520 0.000000
v -4.531225 42.713047 0.000000
v -4.196284 50.919098 0.000000
v -16.906164 13.181877 0.000000
v -16.403753 8.827645 0.000000
v -11.044699 7.655352 0.000000
v -7.360349 4.138472 0.000000
v -6.397393 22.706760 0.000000
v -2.733977 20.927387 0.000000
v -5.664710 16.949963 0.000000
v -5.874048 11.297834 0.000000
v -3.466660 6.692397 0.000000
v 42.245583 64.015289 0.000000
v 33.974426 38.484348 0.000000
v 26.335882 33.703121 0.000000
v 25.163589 28.846478 0.000000
v 27.508175 24.324772 0.000000
v 33.034702 25.832008 0.000000
v 38.728699 5.233133 0.000000
v 44.925110 0.000000 0.000000
v 38.561234 0.000000 0.000000
v 32.699760 0.000000 0.000000
v 21.403881 52.405411 0.000000
v 19.938515 44.973907 0.000000
v 17.531126 41.938507 0.000000
v 14.077045 40.682480 0.000000
v 10.308959 43.717880 0.000000
v 10.308959 48.218651 0.000000
v 15.123736 53.033432 0.000000
v 8.529585 57.534195 0.000000
v 6.188055 0.000000 0.000000
v 42.245583 64.015289 0.500000
v 33.974426 38.484348 0.500000
v 26.335882 33.703121 0.500000
v 25.163589 28.846478 0.500000
v 27.508175 24.324772 0.500000
v 33.034702 25.832008 0.500000
v 38.728699 5.233133 0.500000
v 44.925110 0.000000 0.500000
v 38.561234 0.000000 0.500000
v 32.699760 0.000000 0.500000
v 33.336159 5.032177 0.500000
v 32.666275 14.577995 0.500000
v 24.962631 18.429821 0.500000
v 22.115631 23.286465 0.500000
v 21.445749 32.497345 0.500000
v 23.957808 39.196167 0.500000
v 17.928867 35.176872 0.500000
v 11.899929 36.014225 0.500000
v 6.373402 40.033520 0.500000
v 4.531225 42.713047 0.500000
v 4.196284 50.919098 0.500000
v 21.403881 52.405411 0.500000
v 19.938515 44.973907 0.500000
v 17.531126 41.938507 0.500000
v 14.077045 40.682480 0.500000
v 10.308959 43.717880 0.500000
v 10.308959 48.218651 0.500000
v 15.123736 53.033432 0.500000
v 8.529585 57.534195 0.500000
v 16.906164 13.181877 0.500000
v 16.403753 8.827645 0.500000
v 11.044699 7.655352 0.500000
v 7.360349 4.138472 0.500000
v 6.188055 0.000000 0.500000
v 6.397393 22.706760 0.500000
v 2.733977 20.927387 0.500000
v 5.664710 16.949963 0.500000
v 5.874048 11.297834 0.500000
v 3.466660 6.692397 0.500000
v 33.336159 5.032177 0.000000
v 32.666275 14.577995 0.000000
v 24.962631 18.429821 0.000000
v 22.115631 23.286465 0.000000
v 21.445749 32.497345 0.000000
v 23.957808 39.196167 0.000000
v 17.928867 35.176872 0.000000
v 11.899929 36.014225 0.000000
v 6.373402 40.033520 0.000000
v 4.531225 42.713047 0.000000
v 4.196284 50.919098 0.000000
v 16.906164 13.181877 0.000000
v 16.403753 8.827645 0.000000
v 11.044699 7.655352 0.000000
v 7.360349 4.138472 0.000000
v 6.397393 22.706760 0.000000
v 2.733977 20.927387 0.000000
v 5.664710 16.949963 0.000000
v 5.874048 11.297834 0.000000
v 3.466660 6.692397 0.000000
v -42.245583 -64.015289 0.000000
v -33.974426 -38.484348 0.000000
v -26.335882 -33.703121 0.000000
v -25.163589 -28.846478 0.000000
v -27.508175 -24.324772 0.000000
v -33.034702 -25.832008 0.000000
v -38.728699 -5.233133 0.000000
v 0.000000 -53.766098 0.000000
v -21.403881 -52.405411 0.000000
v -19.938515 -44.973907 0.000000
v -17.531126 -41.938507 0.000000
v -14.077045 -40.682480 0.000000
v -10.308959 -43.717880 0.000000
v -10.308959 -48.218651 0.000000
v -15.123736 -53.033432 0.000000
v -8.529585 -57.534195 0.000000
v 0.000000 -58.999565 0.000000
v 0.000000 -5.331699 0.000000
v -0.064916 -30.308348 0.000000
v -42.245583 -64.015289 0.500000
v -33.974426 -38.484348 0.500000
v -26.335882 -33.703121 0.500000
v -25.163589 -28.846478 0.500000
v -27.508175 -24.324772 0.500000
v -33.034702 -25.832008 0.500000
v -38.728699 -5.233133 0.500000
v -33.336159 -5.032177 0.500000
v -32.666275 -14.577995 0.500000
v -24.962631 -18.429821 0.500000
v -22.115631 -23.286465 0.500000
v -21.445749 -32.497345 0.500000
v -23.957808 -39.196167 0.500000
v -17.928867 -35.176872 0.500000
v -11.899929 -36.014225 0.500000
v -6.373402 -40.033520 0.500000
v -4.531225 -42.713047 0.500000
v 0.000000 -53.766098 0.500000
v -4.196284 -50.919098 0.500000
v -21.403881 -52.405411 0.500000
v -19.938515 -44.973907 0.500000
v -17.531126 -41.938507 0.500000
v -14.077045 -40.682480 0.500000
v -10.308959 -43.717880 0.500000
v -10.308959 -48.218651 0.500000
v -15.123736 -53.033432 0.500000
v -8.529585 -57.534195 0.500000
v 0.000000 -58.999565 0.500000
v -16.906164 -13.181877 0.500000
v -16.403753 -8.827645 0.500000
v -11.044699 -7.655352 0.500000
v -7.360349 -4.138472 0.500000
v -6.397393 -22.706760 0.500000
v -2.733977 -20.927387 0.500000
v -5.664710 -16.949963 0.500000
v -5.874048 -11.297834 0.500000
v -3.466660 -6.692397 0.500000
v 0.000000 -5.331699 0.500000
v -0.064916 -30.308348 0.500000
v -33.336159 -5.032177 0.000000
v -32.666275 -14.577995 0.000000
v -24.962631 -18.429821 0.000000
v -22.115631 -23.286465 0.000000
v -21.445749 -32.497345 0.000000
v -23.957808 -39.196167 0.000000
v -17.928867 -35.176872 0.000000
v -11.899929 -36.014225 0.000000
v -6.373402 -40.033520 0.000000
v -4.531225 -42.713047 0.000000
v -4.196284 -50.919098 0.000000
v -16.906164 -13.181877 0.000000
v -16.403753 -8.827645 0.000000
v -11.044699 -7.655352 0.000000
v -7.360349 -4.138472 0.000000
v -6.397393 -22.706760 0.000000
v -2.733977 -20.927387 0.000000
v -5.664710 -16.949963 0.000000
v -5.874048 -11.297834 0.000000
v -3.466660 -6.692397 0.000000
v 42.245583 -64.015289 0.000000
v 33.974426 -38.484348 0.000000
v 26.335882 -33.703121 0.000000
v 25.163589 -28.846478 0.000000
v 27.508175 -24.324772 0.000000
v 33.034702 -25.832008 0.000000
v 38.728699 -5.233133 0.000000
v 21.403881 -52.405411 0.000000
v 19.938515 -44.973907 0.000000
v 17.531126 -41.938507 0.000000
v 14.077045 -40.682480 0.000000
v 10.308959 -43.717880 0.000000
v 10.308959 -48.218651 0.000000
v 15.123736 -53.033432 0.000000
v 8.529585 -57.534195 0.000000
v 0.064916 -30.308348 0.000000
v 42.245583 -64.015289 0.500000
v 33.974426 -38.484348 0.500000
v 26.335882 -33.703121 0.500000
v 25.163589 -28.846478 0.500000
v 27.508175 -24.324772 0.500000
v 33.034702 -25.832008 0.500000
v 38.728699 -5.233133 0.500000
v 33.336159 -5.032177 0.500000
v 32.666275 -14.577995 0.500000
v 24.962631 -18.429821 0.500000
v 22.115631 -23.286465 0.500000
v 21.445749 -32.497345 0.500000
v 23.957808 -39.196167 0.500000
v 17.928867 -35.176872 0.500000
v 11.899929 -36.014225 0.500000
v 6.373402 -40.033520 0.500000
v 4.531225 -42.713047 0.500000
v 4.196284 -50.919098 0.500000
v 21.403881 -52.405411 0.500000
v 19.938515 -44.973907 0.500000
v 17.531126 -41.938507 0.500000
v 14.077045 -40.682480 0.500000
v 10.308959 -43.717880 0.500000
v 10.308959 -48.218651 0.500000
v 15.123736 -53.033432 0.500000
v 8.529585 -57.534195 0.500000
v 16.906164 -13.181877 0.500000
v 16.403753 -8.827645 0.500000
v 11.044699 -7.655352 0.500000
v 7.360349 -4.138472 0.500000
v 6.397393 -22.706760 0.500000
v 2.733977 -20.927387 0.500000
v 5.664710 -16.949963 0.500000
v 5.874048 -11.297834 0.500000
v 3.466660 -6.692397 0.500000
v 0.064916 -30.308348 0.500000
v 33.336159 -5.032177 0.000000
v 32.666275 -14.577995 0.000000
v 24.962631 -18.429821 0.000000
v 22.115631 -23.286465 0.000000
v 21.445749 -32.497345 0.000000
v 23.957808 -39.196167 0.000000
v 17.928867 -35.176872 0.000000
v 11.899929 -36.014225 0.000000
v 6.373402 -40.033520 0.000000
v 4.531225 -42.713047 0.000000
v 4.196284 -50.919098 0.000000
v 16.906164 -13.181877 0.000000
v 16.403753 -8.827645 0.000000
v 11.044699 -7.655352 0.000000
v 7.360349 -4.138472 0.000000
v 6.397393 -22.706760 0.000000
v 2.733977 -20.927387 0.000000
v 5.664710 -16.949963 0.000000
v 5.874048 -11.297834 0.000000
v 3.466660 -6.692397 0.000000
# 316 vertices

vt 0.07948 0.39494
vt 0.14465 0.39494
vt 0.11194 0.71397
vt 0.11679 0.76796
vt 0.07209 0.76796
vt 0.11705 0.61157
vt 0.23723 0.62655
vt 0.17579 0.57026
vt 0.19750 0.51816
vt 0.20261 0.41935
vt 0.20236 0.24369
vt 0.14092 0.23431
vt 0.65701 0.61951
vt 0.65392 0.50965
vt 0.70017 0.52436
vt 0.72148 0.58191
vt 0.07762 0.36240
vt 0.65140 0.71271
vt 0.60627 0.71074
vt 0.00873 0.39494
vt 0.60767 0.76183
vt 0.55441 0.76183
vt 0.22843 0.21557
vt 0.71980 0.48022
vt 0.74530 0.53450
vt 0.21540 0.18537
vt 0.70999 0.43280
vt 0.75091 0.44457
vt 0.13048 0.15564
vt 0.64606 0.38612
vt 0.72989 0.37918
vt 0.03852 0.00312
vt 0.57684 0.13687
vt 0.27023 0.06907
vt 0.28652 0.11528
vt 0.75126 0.25022
vt 0.76352 0.32277
vt 0.31328 0.13416
vt 0.78367 0.35240
vt 0.78034 0.41841
vt 0.35168 0.14197
vt 0.81258 0.36467
vt 0.83080 0.41024
vt 0.18346 0.34749
vt 0.22943 0.39061
vt 0.31737 0.52438
vt 0.34530 0.54346
vt 0.32295 0.58613
vt 0.28193 0.68583
vt 0.24106 0.67326
vt 0.32136 0.64676
vt 0.27541 0.38162
vt 0.36566 0.44283
vt 0.27697 0.38341
vt 0.31739 0.34151
vt 0.36354 0.44288
vt 0.50746 0.20648
vt 0.50818 0.06061
vt 0.33160 0.30976
vt 0.33415 0.22174
vt 0.36615 0.19120
vt 0.31755 0.33851
vt 0.87705 0.37100
vt 0.84411 0.33503
vt 0.89247 0.34484
vt 0.39357 0.12309
vt 0.39357 0.09511
vt 0.84411 0.29109
vt 0.89527 0.26473
vt 0.50818 0.02807
vt 0.41336 0.03718
vt 0.85900 0.20015
vt 0.93039 0.18584
vt 0.93039 0.23693
vt 0.34005 0.06517
vt 0.80382 0.24409
vt 0.31002 0.72356
vt 0.31896 0.76796
vt 0.43939 0.39494
vt 0.33972 0.69616
vt 0.36615 0.71076
vt 0.50818 0.39494
vt 0.50818 0.36179
vt 0.36615 0.76796
vt 0.13757 0.36365
vt 0.32023 0.31298
vt 0.14502 0.30429
vt 0.23066 0.28034
vt 0.26976 0.19287
vt 0.26231 0.25014
vt 0.24183 0.15121
vt 0.30886 0.17620
vt 0.37589 0.17100
vt 0.43706 0.25375
vt 0.44521 0.28954
vt 0.47779 0.26481
vt 0.38539 0.34734
vt 0.32582 0.34005
vt 0.44288 0.32469
vt 0.43733 0.14600
vt 0.45781 0.12934
vt 0.46153 0.07831
vt 0.42635 0.36921
vt 0.46964 0.35333
# 104 texture vertices

usemtl mat1
f 9/1 10/2 34/2 33/1
usemtl mat2
f 33/5 34/4 35/3
f 34/4 56/7 36/6 35/3
f 56/7 37/8 36/6
f 39/10 38/9 56/7
f 56/7 38/9 37/8
usemtl mat1
f 5/11 6/12 30/12 29/11
usemtl mat2
f 37/16 29/15 30/14 36/13
usemtl mat1
f 6/12 7/17 31/17 30/12
usemtl mat2
f 36/13 30/14 31/19 35/18
usemtl mat1
f 8/20 9/1 33/1 32/20
f 7/17 8/20 32/20 31/17
usemtl mat2
f 31/19 32/22 33/21 35/18
usemtl mat1
f 4/23 5/11 29/11 28/23
usemtl mat2
f 37/16 38/25 28/24 29/15
usemtl mat1
f 3/26 4/23 28/23 27/26
usemtl mat2
f 38/25 39/28 27/27 28/24
usemtl mat1
f 2/29 3/26 27/26 26/29
usemtl mat2
f 27/27 39/28 40/31 26/30
usemtl mat1
f 1/32 2/29 26/29 25/32
usemtl mat2
f 40/31 25/33 26/30
usemtl mat1
f 12/34 1/32 25/32 47/34
f 13/35 12/34 47/34 48/35
usemtl mat2
f 40/31 48/37 47/36 25/33
usemtl mat1
f 14/38 13/35 48/35 49/38
usemtl mat2
f 40/31 41/40 49/39 48/37
usemtl mat1
f 15/41 14/38 49/38 50/41
usemtl mat2
f 41/40 42/43 50/42 49/39
f 41/45 40/44 39/10
f 56/7 61/46 41/45 39/10
f 63/48 62/47 61/46 56/7
f 63/48 56/7 57/50 58/49
f 64/51 63/48 58/49
f 61/46 67/53 42/52 41/45
f 67/56 43/55 42/54
usemtl mat1
f 23/57 11/58 45/58 67/57
usemtl mat2
f 67/53 45/61 46/60 44/59
f 44/59 43/62 67/53
f 44/65 51/64 43/63
usemtl mat1
f 16/66 15/41 50/41 51/66
usemtl mat2
f 43/63 51/64 50/42 42/43
usemtl mat1
f 17/67 16/66 51/66 52/67
usemtl mat2
f 44/65 46/69 52/68 51/64
usemtl mat1
f 20/70 19/71 54/71 55/70
f 11/58 20/70 55/70 45/58
usemtl mat2
f 45/74 55/73 54/72 46/69
usemtl mat1
f 18/75 17/67 52/67 53/75
f 19/71 18/75 53/75 54/71
usemtl mat2
f 46/69 54/72 53/76 52/68
f 57/50 56/7 34/4
f 60/78 59/77 58/49 57/50
usemtl mat1
f 10/2 21/79 60/79 34/2
usemtl mat2
f 60/78 57/50 34/4
f 60/78 66/81 65/80 59/77
f 59/77 65/80 64/51 58/49
usemtl mat1
f 21/79 24/82 68/82 60/79
f 24/82 22/83 66/83 68/82
usemtl mat2
f 66/81 60/78 68/84
f 67/53 61/46 62/47
usemtl mat1
f 22/83 23/57 67/57 66/83
usemtl mat2
f 62/47 66/81 67/53
f 62/47 63/48 64/51 65/80
f 65/80 66/81 62/47
usemtl mat1
f 10/2 9/1 69/85
f 70/87 80/86 10/2 69/85
f 71/88 80/86 70/87
f 72/90 73/89 80/86
f 72/90 80/86 71/88
f 6/12 5/11 71/88 70/87
f 7/17 6/12 70/87 69/85
f 9/1 8/20 7/17 69/85
f 4/23 72/90 71/88 5/11
f 3/26 73/89 72/90 4/23
f 74/91 73/89 3/26 2/29
f 1/32 74/91 2/29
f 12/34 13/35 74/91 1/32
f 14/38 75/92 74/91 13/35
f 15/41 76/93 75/92 14/38
f 74/91 75/92 73/89
f 75/92 84/94 80/86 73/89
f 84/94 85/96 86/95 80/86
f 81/98 80/86 86/95 82/97
f 86/95 87/99 82/97
f 76/93 23/57 84/94 75/92
f 77/100 23/57 76/93
f 79/102 11/58 23/57 78/101
f 77/100 78/101 23/57
f 16/66 78/101 77/100
f 15/41 16/66 77/100 76/93
f 17/67 79/102 78/101 16/66
f 19/71 20/70 11/58 79/102
f 18/75 19/71 79/102 17/67
f 80/86 81/98 10/2
f 82/97 83/103 21/79 81/98
f 81/98 21/79 10/2
f 88/104 22/83 21/79 83/103
f 87/99 88/104 83/103 82/97
f 21/79 22/83 24/82
f 84/94 23/57 85/96
f 22/83 85/96 23/57
f 87/99 86/95 85/96 88/104
f 22/83 88/104 85/96
f 69/85 9/1 10/2
f 69/85 10/2 80/86 70/87
f 70/87 80/86 71/88
f 80/86 73/89 72/90
f 71/88 80/86 72/90
f 70/87 71/88 5/11 6/12
f 69/85 70/87 6/12 7/17
f 69/85 7/17 8/20 9/1
f 5/11 71/88 72/90 4/23
f 4/23 72/90 73/89 3/26
f 2/29 3/26 73/89 74/91
f 2/29 74/91 1/32
f 1/32 74/91 13/35 12/34
f 13/35 74/91 75/92 14/38
f 14/38 75/92 76/93 15/41
f 73/89 75/92 74/91
f 73/89 80/86 84/94 75/92
f 80/86 86/95 85/96 84/94
f 82/97 86/95 80/86 81/98
f 82/97 87/99 86/95
f 75/92 84/94 23/57 76/93
f 76/93 23/57 77/100
f 78/101 23/57 11/58 79/102
f 23/57 78/101 77/100
f 77/100 78/101 16/66
f 76/93 77/100 16/66 15/41
f 16/66 78/101 79/102 17/67
f 79/102 11/58 20/70 19/71
f 17/67 79/102 19/71 18/75
f 10/2 81/98 80/86
f 81/98 21/79 83/103 82/97
f 10/2 21/79 81/98
f 83/103 21/79 22/83 88/104
f 82/97 83/103 88/104 87/99
f 24/82 22/83 21/79
f 85/96 23/57 84/94
f 23/57 85/96 22/83
f 88/104 85/96 86/95 87/99
f 85/96 88/104 22/83
f 117/2 98/2 97/1 116/1
usemtl mat2
f 117/4 116/5 118/3
f 119/6 137/7 117/4 118/3
f 120/8 137/7 119/6
f 121/9 122/10 137/7
f 121/9 137/7 120/8
usemtl mat1
f 113/12 94/12 93/11 112/11
usemtl mat2
f 113/14 112/15 120/16 119/13
usemtl mat1
f 114/17 95/17 94/12 113/12
usemtl mat2
f 114/19 113/14 119/13 118/18
usemtl mat1
f 116/1 97/1 96/20 115/20
f 115/20 96/20 95/17 114/17
usemtl mat2
f 116/21 115/22 114/19 118/18
usemtl mat1
f 112/11 93/11 92/23 111/23
usemtl mat2
f 111/24 121/25 120/16 112/15
usemtl mat1
f 111/23 92/23 91/26 110/26
usemtl mat2
f 110/27 122/28 121/25 111/24
usemtl mat1
f 110/26 91/26 90/29 109/29
usemtl mat2
f 123/31 122/28 110/27 109/30
usemtl mat1
f 109/29 90/29 89/32 108/32
usemtl mat2
f 108/33 123/31 109/30
usemtl mat1
f 108/32 89/32 99/34 129/34
f 129/34 99/34 100/35 130/35
usemtl mat2
f 129/36 130/37 123/31 108/33
usemtl mat1
f 130/35 100/35 101/38 131/38
usemtl mat2
f 131/39 124/40 123/31 130/37
usemtl mat1
f 131/38 101/38 102/41 132/41
usemtl mat2
f 132/42 125/43 124/40 131/39
f 123/44 124/45 122/10
f 124/45 142/46 137/7 122/10
f 142/46 143/47 144/48 137/7
f 138/50 137/7 144/48 139/49
f 144/48 145/51 139/49
f 125/52 67/53 142/46 124/45
f 126/55 67/56 125/54
usemtl mat1
f 45/58 11/58 23/57 67/57
usemtl mat2
f 128/60 45/61 67/53 127/59
f 126/62 127/59 67/53
f 133/64 127/65 126/63
usemtl mat1
f 132/41 102/41 103/66 133/66
usemtl mat2
f 132/42 133/64 126/63 125/43
usemtl mat1
f 133/66 103/66 104/67 134/67
usemtl mat2
f 134/68 128/69 127/65 133/64
usemtl mat1
f 136/71 106/71 20/70 55/70
f 55/70 20/70 11/58 45/58
usemtl mat2
f 136/72 55/73 45/74 128/69
usemtl mat1
f 134/67 104/67 105/75 135/75
f 135/75 105/75 106/71 136/71
usemtl mat2
f 135/76 136/72 128/69 134/68
f 137/7 138/50 117/4
f 139/49 140/77 141/78 138/50
usemtl mat1
f 141/79 107/79 98/2 117/2
usemtl mat2
f 138/50 141/78 117/4
f 146/80 66/81 141/78 140/77
f 145/51 146/80 140/77 139/49
usemtl mat1
f 68/82 24/82 107/79 141/79
f 66/83 22/83 24/82 68/82
usemtl mat2
f 141/78 66/81 68/84
f 142/46 67/53 143/47
usemtl mat1
f 67/57 23/57 22/83 66/83
usemtl mat2
f 66/81 143/47 67/53
f 145/51 144/48 143/47 146/80
f 66/81 146/80 143/47
usemtl mat1
f 97/1 98/2 147/85
f 98/2 158/86 148/87 147/85
f 158/86 149/88 148/87
f 151/89 150/90 158/86
f 158/86 150/90 149/88
f 149/88 93/11 94/12 148/87
f 148/87 94/12 95/17 147/85
f 95/17 96/20 97/1 147/85
f 149/88 150/90 92/23 93/11
f 150/90 151/89 91/26 92/23
f 91/26 151/89 152/91 90/29
f 152/91 89/32 90/29
f 152/91 100/35 99/34 89/32
f 152/91 153/92 101/38 100/35
f 153/92 154/93 102/41 101/38
f 153/92 152/91 151/89
f 158/86 162/94 153/92 151/89
f 164/95 163/96 162/94 158/86
f 164/95 158/86 159/98 160/97
f 165/99 164/95 160/97
f 162/94 23/57 154/93 153/92
f 23/57 155/100 154/93
f 23/57 11/58 157/102 156/101
f 156/101 155/100 23/57
f 156/101 103/66 155/100
f 155/100 103/66 102/41 154/93
f 156/101 157/102 104/67 103/66
f 11/58 20/70 106/71 157/102
f 157/102 106/71 105/75 104/67
f 159/98 158/86 98/2
f 107/79 161/103 160/97 159/98
f 107/79 159/98 98/2
f 107/79 22/83 166/104 161/103
f 161/103 166/104 165/99 160/97
f 22/83 107/79 24/82
f 23/57 162/94 163/96
f 163/96 22/83 23/57
f 163/96 164/95 165/99 166/104
f 166/104 22/83 163/96
f 97/1 147/85 98/2
f 158/86 98/2 147/85 148/87
f 158/86 148/87 149/88
f 151/89 158/86 150/90
f 158/86 149/88 150/90
f 93/11 149/88 148/87 94/12
f 94/12 148/87 147/85 95/17
f 96/20 95/17 147/85 97/1
f 150/90 149/88 93/11 92/23
f 151/89 150/90 92/23 91/26
f 151/89 91/26 90/29 152/91
f 152/91 90/29 89/32
f 100/35 152/91 89/32 99/34
f 153/92 152/91 100/35 101/38
f 154/93 153/92 101/38 102/41
f 153/92 151/89 152/91
f 162/94 158/86 151/89 153/92
f 163/96 164/95 158/86 162/94
f 158/86 164/95 160/97 159/98
f 165/99 160/97 164/95
f 23/57 162/94 153/92 154/93
f 23/57 154/93 155/100
f 11/58 23/57 156/101 157/102
f 156/101 23/57 155/100
f 156/101 155/100 103/66
f 103/66 155/100 154/93 102/41
f 157/102 156/101 103/66 104/67
f 20/70 11/58 157/102 106/71
f 106/71 157/102 104/67 105/75
f 159/98 98/2 158/86
f 161/103 107/79 159/98 160/97
f 107/79 98/2 159/98
f 22/83 107/79 161/103 166/104
f 166/104 161/103 160/97 165/99
f 22/83 24/82 107/79
f 23/57 163/96 162/94
f 163/96 23/57 22/83
f 164/95 163/96 166/104 165/99
f 166/104 163/96 22/83
f 34/2 10/2 9/1 33/1
usemtl mat2
f 34/4 33/5 193/3
f 194/6 214/7 34/4 193/3
f 195/8 214/7 194/6
f 196/9 197/10 214/7
f 196/9 214/7 195/8
usemtl mat1
f 191/12 172/12 171/11 190/11
usemtl mat2
f 191/14 190/15 195/16 194/13
usemtl mat1
f 192/17 173/17 172/12 191/12
usemtl mat2
f 192/19 191/14 194/13 193/18
usemtl mat1
f 33/1 9/1 8/20 32/20
f 32/20 8/20 173/17 192/17
usemtl mat2
f 33/21 32/22 192/19 193/18
usemtl mat1
f 190/11 171/11 170/23 189/23
usemtl mat2
f 189/24 196/25 195/16 190/15
usemtl mat1
f 189/23 170/23 169/26 188/26
usemtl mat2
f 188/27 197/28 196/25 189/24
usemtl mat1
f 188/26 169/26 168/29 187/29
usemtl mat2
f 198/31 197/28 188/27 187/30
usemtl mat1
f 187/29 168/29 167/32 186/32
usemtl mat2
f 186/33 198/31 187/30
usemtl mat1
f 186/32 167/32 175/34 205/34
f 205/34 175/34 176/35 206/35
usemtl mat2
f 205/36 206/37 198/31 186/33
usemtl mat1
f 206/35 176/35 177/38 207/38
usemtl mat2
f 207/39 199/40 198/31 206/37
usemtl mat1
f 207/38 177/38 178/41 208/41
usemtl mat2
f 208/42 200/43 199/40 207/39
f 198/44 199/45 197/10
f 199/45 218/46 214/7 197/10
f 218/46 219/47 220/48 214/7
f 215/50 214/7 220/48 216/49
f 220/48 221/51 216/49
f 200/52 224/53 218/46 199/45
f 201/55 224/56 200/54
usemtl mat1
f 203/58 174/58 185/57 224/57
usemtl mat2
f 204/60 203/61 224/53 202/59
f 201/62 202/59 224/53
f 209/64 202/65 201/63
usemtl mat1
f 208/41 178/41 179/66 209/66
usemtl mat2
f 208/42 209/64 201/63 200/43
usemtl mat1
f 209/66 179/66 180/67 210/67
usemtl mat2
f 210/68 204/69 202/65 209/64
usemtl mat1
f 212/71 182/71 183/70 213/70
f 213/70 183/70 174/58 203/58
usemtl mat2
f 212/72 213/73 203/74 204/69
usemtl mat1
f 210/67 180/67 181/75 211/75
f 211/75 181/75 182/71 212/71
usemtl mat2
f 211/76 212/72 204/69 210/68
f 214/7 215/50 34/4
f 216/49 217/77 60/78 215/50
usemtl mat1
f 60/79 21/79 10/2 34/2
usemtl mat2
f 215/50 60/78 34/4
f 222/80 223/81 60/78 217/77
f 221/51 222/80 217/77 216/49
usemtl mat1
f 68/82 24/82 21/79 60/79
f 223/83 184/83 24/82 68/82
usemtl mat2
f 60/78 223/81 68/84
f 218/46 224/53 219/47
usemtl mat1
f 224/57 185/57 184/83 223/83
usemtl mat2
f 223/81 219/47 224/53
f 221/51 220/48 219/47 222/80
f 223/81 222/80 219/47
usemtl mat1
f 9/1 10/2 225/85
f 10/2 236/86 226/87 225/85
f 236/86 227/88 226/87
f 229/89 228/90 236/86
f 236/86 228/90 227/88
f 227/88 171/11 172/12 226/87
f 226/87 172/12 173/17 225/85
f 173/17 8/20 9/1 225/85
f 227/88 228/90 170/23 171/11
f 228/90 229/89 169/26 170/23
f 169/26 229/89 230/91 168/29
f 230/91 167/32 168/29
f 230/91 176/35 175/34 167/32
f 230/91 231/92 177/38 176/35
f 231/92 232/93 178/41 177/38
f 231/92 230/91 229/89
f 236/86 240/94 231/92 229/89
f 242/95 241/96 240/94 236/86
f 242/95 236/86 237/98 238/97
f 243/99 242/95 238/97
f 240/94 185/57 232/93 231/92
f 185/57 233/100 232/93
f 185/57 174/58 235/102 234/101
f 234/101 233/100 185/57
f 234/101 179/66 233/100
f 233/100 179/66 178/41 232/93
f 234/101 235/102 180/67 179/66
f 174/58 183/70 182/71 235/102
f 235/102 182/71 181/75 180/67
f 237/98 236/86 10/2
f 21/79 239/103 238/97 237/98
f 21/79 237/98 10/2
f 21/79 184/83 244/104 239/103
f 239/103 244/104 243/99 238/97
f 184/83 21/79 24/82
f 185/57 240/94 241/96
f 241/96 184/83 185/57
f 241/96 242/95 243/99 244/104
f 244/104 184/83 241/96
f 9/1 225/85 10/2
f 236/86 10/2 225/85 226/87
f 236/86 226/87 227/88
f 229/89 236/86 228/90
f 236/86 227/88 228/90
f 171/11 227/88 226/87 172/12
f 172/12 226/87 225/85 173/17
f 8/20 173/17 225/85 9/1
f 228/90 227/88 171/11 170/23
f 229/89 228/90 170/23 169/26
f 229/89 169/26 168/29 230/91
f 230/91 168/29 167/32
f 176/35 230/91 167/32 175/34
f 231/92 230/91 176/35 177/38
f 232/93 231/92 177/38 178/41
f 231/92 229/89 230/91
f 240/94 236/86 229/89 231/92
f 241/96 242/95 236/86 240/94
f 236/86 242/95 238/97 237/98
f 243/99 238/97 242/95
f 185/57 240/94 231/92 232/93
f 185/57 232/93 233/100
f 174/58 185/57 234/101 235/102
f 234/101 185/57 233/100
f 234/101 233/100 179/66
f 179/66 233/100 232/93 178/41
f 235/102 234/101 179/66 180/67
f 183/70 174/58 235/102 182/71
f 182/71 235/102 180/67 181/75
f 237/98 10/2 236/86
f 239/103 21/79 237/98 238/97
f 21/79 10/2 237/98
f 184/83 21/79 239/103 244/104
f 244/104 239/103 238/97 243/99
f 184/83 24/82 21/79
f 185/57 241/96 240/94
f 241/96 185/57 184/83
f 242/95 241/96 244/104 243/99
f 244/104 241/96 184/83
f 97/1 98/2 117/2 116/1
usemtl mat2
f 116/5 117/4 268/3
f 117/4 287/7 269/6 268/3
f 287/7 270/8 269/6
f 272/10 271/9 287/7
f 287/7 271/9 270/8
usemtl mat1
f 249/11 250/12 266/12 265/11
usemtl mat2
f 270/16 265/15 266/14 269/13
usemtl mat1
f 250/12 251/17 267/17 266/12
usemtl mat2
f 269/13 266/14 267/19 268/18
usemtl mat1
f 96/20 97/1 116/1 115/20
f 251/17 96/20 115/20 267/17
usemtl mat2
f 267/19 115/22 116/21 268/18
usemtl mat1
f 248/23 249/11 265/11 264/23
usemtl mat2
f 270/16 271/25 264/24 265/15
usemtl mat1
f 247/26 248/23 264/23 263/26
usemtl mat2
f 271/25 272/28 263/27 264/24
usemtl mat1
f 246/29 247/26 263/26 262/29
usemtl mat2
f 263/27 272/28 273/31 262/30
usemtl mat1
f 245/32 246/29 262/29 261/32
usemtl mat2
f 273/31 261/33 262/30
usemtl mat1
f 252/34 245/32 261/32 279/34
f 253/35 252/34 279/34 280/35
usemtl mat2
f 273/31 280/37 279/36 261/33
usemtl mat1
f 254/38 253/35 280/35 281/38
usemtl mat2
f 273/31 274/40 281/39 280/37
usemtl mat1
f 255/41 254/38 281/38 282/41
usemtl mat2
f 274/40 275/43 282/42 281/39
f 274/45 273/44 272/10
f 287/7 291/46 274/45 272/10
f 293/48 292/47 291/46 287/7
f 293/48 287/7 288/50 289/49
f 294/51 293/48 289/49
f 291/46 296/53 275/52 274/45
f 296/56 276/55 275/54
usemtl mat1
f 260/57 174/58 203/58 296/57
usemtl mat2
f 296/53 203/61 278/60 277/59
f 277/59 276/62 296/53
f 277/65 283/64 276/63
usemtl mat1
f 256/66 255/41 282/41 283/66
usemtl mat2
f 276/63 283/64 282/42 275/43
usemtl mat1
f 257/67 256/66 283/66 284/67
usemtl mat2
f 277/65 278/69 284/68 283/64
usemtl mat1
f 183/70 259/71 286/71 213/70
f 174/58 183/70 213/70 203/58
usemtl mat2
f 203/74 213/73 286/72 278/69
usemtl mat1
f 258/75 257/67 284/67 285/75
f 259/71 258/75 285/75 286/71
usemtl mat2
f 278/69 286/72 285/76 284/68
f 288/50 287/7 117/4
f 141/78 290/77 289/49 288/50
usemtl mat1
f 98/2 107/79 141/79 117/2
usemtl mat2
f 141/78 288/50 117/4
f 141/78 223/81 295/80 290/77
f 290/77 295/80 294/51 289/49
usemtl mat1
f 107/79 24/82 68/82 141/79
f 24/82 184/83 223/83 68/82
usemtl mat2
f 223/81 141/78 68/84
f 296/53 291/46 292/47
usemtl mat1
f 184/83 260/57 296/57 223/83
usemtl mat2
f 292/47 223/81 296/53
f 292/47 293/48 294/51 295/80
f 295/80 223/81 292/47
usemtl mat1
f 98/2 97/1 297/85
f 298/87 308/86 98/2 297/85
f 299/88 308/86 298/87
f 300/90 301/89 308/86
f 300/90 308/86 299/88
f 250/12 249/11 299/88 298/87
f 251/17 250/12 298/87 297/85
f 97/1 96/20 251/17 297/85
f 248/23 300/90 299/88 249/11
f 247/26 301/89 300/90 248/23
f 302/91 301/89 247/26 246/29
f 245/32 302/91 246/29
f 252/34 253/35 302/91 245/32
f 254/38 303/92 302/91 253/35
f 255/41 304/93 303/92 254/38
f 302/91 303/92 301/89
f 303/92 312/94 308/86 301/89
f 312/94 313/96 314/95 308/86
f 309/98 308/86 314/95 310/97
f 314/95 315/99 310/97
f 304/93 260/57 312/94 303/92
f 305/100 260/57 304/93
f 307/102 174/58 260/57 306/101
f 305/100 306/101 260/57
f 256/66 306/101 305/100
f 255/41 256/66 305/100 304/93
f 257/67 307/102 306/101 256/66
f 259/71 183/70 174/58 307/102
f 258/75 259/71 307/102 257/67
f 308/86 309/98 98/2
f 310/97 311/103 107/79 309/98
f 309/98 107/79 98/2
f 316/104 184/83 107/79 311/103
f 315/99 316/104 311/103 310/97
f 107/79 184/83 24/82
f 312/94 260/57 313/96
f 184/83 313/96 260/57
f 315/99 314/95 313/96 316/104
f 184/83 316/104 313/96
f 297/85 97/1 98/2
f 297/85 98/2 308/86 298/87
f 298/87 308/86 299/88
f 308/86 301/89 300/90
f 299/88 308/86 300/90
f 298/87 299/88 249/11 250/12
f 297/85 298/87 250/12 251/17
f 297/85 251/17 96/20 97/1
f 249/11 299/88 300/90 248/23
f 248/23 300/90 301/89 247/26
f 246/29 247/26 301/89 302/91
f 246/29 302/91 245/32
f 245/32 302/91 253/35 252/34
f 253/35 302/91 303/92 254/38
f 254/38 303/92 304/93 255/41
f 301/89 303/92 302/91
f 301/89 308/86 312/94 303/92
f 308/86 314/95 313/96 312/94
f 310/97 314/95 308/86 309/98
f 310/97 315/99 314/95
f 303/92 312/94 260/57 304/93
f 304/93 260/57 305/100
f 306/101 260/57 174/58 307/102
f 260/57 306/101 305/100
f 305/100 306/101 256/66
f 304/93 305/100 256/66 255/41
f 256/66 306/101 307/102 257/67
f 307/102 174/58 183/70 259/71
f 257/67 307/102 259/71 258/75
f 98/2 309/98 308/86
f 309/98 107/79 311/103 310/97
f 98/2 107/79 309/98
f 311/103 107/79 184/83 316/104
f 310/97 311/103 316/104 315/99
f 24/82 184/83 107/79
f 313/96 260/57 312/94
f 260/57 313/96 184/83
f 316/104 313/96 314/95 315/99
f 313/96 316/104 184/83
# 564 elements

